38 222 28 CA
93 192 26 NV
149 299 26 AZ
168 208 26 UT
254 226 26 CO
237 311 26 NM
236 148 26 WY
154 108 26 ID
66 93 24 OR
87 30 24 WA
222 69 28 MT
341 75 22 ND
338 376 32 TX
375 303 22 OK
362 246 22 KS
347 190 22 NE
340 133 22 SD
450 250 22 MO
460 390 20 LA
451 317 22 AR
432 180 22 IA
418 103 24 MN
482 132 22 WI
493 214 23 IL
558 257 20 KY
554 144 21 MI
540 213 20 IN
587 204 20 OH
544 293 18 TN
497 353 22 MS
543 348 22 AL
640 428 22 FL
180 470 28 AK
564 552.5 11 HI
597 344 22 GA
635 319 18 SC
651 281 20 NC
660 240 20 VA
622 232 17 WV
657 178 22 PA
687 211 12 MD
683.5 221 7 DC
705.5 217 8 DE
713.5 188 9 NJ
684 128 22 NY
731 154 10 CT
747.5 151 7 RI
735 138.5 10 MA
718 105 11 VT
735.5 116 11 NH
753 66 20 ME
730 555 12 PR
755 570 8 VI
10 480 6 GU
20 460 10 NMI
